#Old Category Id; New Category Id
1;0
2;537
12;540
13;542
14;544
15;541
16;5049
17;543
18;6869
19;2847
20;3661
22;7191
23;1242
24;1241
25;1244
26;560
27;555
28;539
30;3860
31;1243
32;3459
33;2764
34;547
36;568
37;4386
38;5845
39;4486
41;4387
43;561
44;5629
45;564
46;4768
47;5296
48;6950
49;2125
50;565
51;7234
52;562
53;5720
55;5719
56;5718
57;563
58;5630
61;5298
62;5843
63;6952
64;552
65;6953
66;548
67;553
68;2949
69;7200
70;5628
71;6883
72;6971
73;550
74;7001
75;6949
76;551
77;7014
79;166
80;1604
81;1594
83;1516
84;1580
86;182
87;5622
88;5425
89;5423
91;5412
92;5549
93;5409
94;5424
95;5621
96;5410
97;5408
98;211
107;5441
108;5330
109;5329
110;5182
111;7132
112;5250
113;5490
114;204
123;2271
128;7313
129;208
130;2302
131;5713
132;5513
133;2580
134;1581
135;212
143;207
147;5344
148;5322
149;3951
150;5378
152;5460
153;5462
154;5552
156;5379
158;5517
159;5463
160;7003
161;6006
162;5555
163;5697
164;3188
165;3729
166;3455
167;3128
168;6087
191;5388
192;6031
193;5674
194;5673
197;5343
204;5483
205;7281
206;5676
207;2306
208;5484
209;5878
210;5949
211;206
212;3414
213;3598
214;3888
215;3191
216;3439
217;3683
218;5564
219;3958
220;4003
221;3724
222;3852
223;3253
224;3379
225;7235
228;2396
229;2292
230;213
231;7207
232;7210
233;7211
234;7208
236;214
238;1772
239;2563
240;1675
241;2160
243;2963
244;1578
245;209
246;215
247;2745
248;5834
249;2562
250;203
251;5506
252;5598
270;1831
271;167
272;5390
275;5687
276;5685
277;4179
281;168
282;5443
283;5446
284;5207
285;5114
286;169
287;3913
288;171
289;5914
290;1948
291;1483
293;5915
294;2477
296;6183
297;4057
298;1662
299;7230
300;170
305;179
306;173
318;6985
319;2020
320;7054
321;1922
322;5939
323;6984
324;176
329;180
330;6268
331;193
332;7133
333;6238
334;177
336;1893
337;178
338;1786
339;5422
340;5624
341;5626
342;5623
343;5625
344;6552
345;5841
346;6460
347;175
348;6277
349;6551
350;6170
351;2668
352;3032
359;6169
360;184
364;5192
365;7304
367;5426
368;8018
369;5907
370;5193
371;5387
372;5194
374;188
378;191
380;192
383;189
384;196
385;190
386;194
387;200
388;6463
389;5122
390;7471
391;5123
392;6870
393;1933
394;7078
395;1856
396;2427
397;5567
398;5385
399;187
466;922
467;923
468;5997
469;6885
470;925
471;6884
472;4312
473;4303
474;4086
475;4212
476;2139
477;4183
478;7080
479;4182
480;926
484;3062
485;928
486;927
487;5531
488;6177
492;5070
493;6962
494;930
495;6779
496;939
499;6171
500;6190
501;6174
502;6176
503;6175
504;4941
505;93
506;2986
507;943
508;947
509;4499
510;935
512;941
514;977
515;6065
516;6068
517;981
518;3026
519;6066
521;982
522;980
523;4752
524;978
525;979
526;2623
527;4470
528;4472
529;4471
531;7117
535;2883
536;950
537;953
538;954
539;337
540;952
541;1708
542;955
543;6404
544;333
545;6519
546;6462
547;6520
548;6521
549;6373
550;6180
551;6182
552;1996
553;6179
554;6181
555;5829
556;2435
557;2014
559;6486
560;1803
561;6467
564;2207
565;1836
570;6178
571;964
572;966
573;2263
574;2401
575;2674
576;1627
579;4492
580;967
581;968
582;963
583;969
584;970
585;4465
586;965
587;971
588;932
589;936
590;960
591;4377
592;5502
593;4137
594;4154
595;4117
596;4200
597;944
598;948
604;6319
605;956
606;5264
607;3457
608;958
609;962
611;1513
612;5918
613;2689
614;959
615;5919
616;961
617;2658
618;3871
619;6930
620;957
621;949
623;2636
625;975
626;974
628;222
630;223
631;2165
632;241
633;236
634;5129
635;5130
636;4035
637;224
638;4493
639;5381
640;6545
641;6546
643;249
647;234
649;246
650;247
651;248
652;5435
653;3945
654;5596
655;5369
656;5597
657;242
658;226
659;244
660;225
661;252
662;4652
663;230
664;243
665;233
666;5434
667;235
668;256
670;6886
673;251
674;1420
678;7163
680;8049
681;8047
682;3306
685;2372
687;239
688;5395
689;5396
690;232
691;3055
693;2154
694;3727
695;3242
696;4921
697;4922
698;4923
700;278
701;5254
771;331
790;325
791;298
793;3539
794;3769
795;5255
796;328
798;4745
799;345
808;306
826;340
827;1550
828;1552
829;4450
830;2178
854;2082
855;258
856;4463
857;146
859;7182
860;1718
864;5476
865;5477
866;5478
867;6016
868;5466
869;5467
870;5468
871;5523
878;5469
879;4617
883;341
884;259
885;1867
895;3461
897;1480
906;1763
907;3541
908;3328
909;6780
910;4016
911;3764
912;6402
913;5273
925;5473
926;288
927;1665
928;384
929;3387
930;1733
931;2130
932;1767
933;3422
934;3672
935;275
936;276
937;1880
940;1745
941;1722
942;1564
943;4928
944;5133
945;6289
946;2222
947;7166
948;3130
949;7167
950;2978
958;6790
968;3160
972;5380
977;6544
978;3895
979;3213
980;3781
981;4488
982;262
983;266
985;5275
986;2471
987;2106
988;4415
989;273
990;263
992;268
993;360
994;5404
995;270
996;4666
997;267
1001;264
1002;7347
1005;4550
1006;5566
1007;2353
1008;1924
1009;272
1010;271
1011;265
1012;269
1013;274
1014;1801
1018;7395
1019;1337
1021;1544
1029;2182
1030;2205
1031;342
1032;1350
1033;5659
1035;2358
1036;5496
1037;5497
1038;3425
1039;2455
1040;2479
1041;343
1042;5576
1043;290
1045;3742
1047;2121
1049;3356
1050;3140
1051;3946
1052;3681
1053;3117
1054;3676
1055;386
1056;305
1057;404
1062;396
1063;399
1064;397
1065;398
1066;5561
1067;5562
1068;401
1069;1634
1070;387
1071;388
1072;389
1075;390
1077;391
1078;1368
1079;5278
1080;5450
1082;2027
1083;4760
1084;283
1085;5516
1086;393
1087;395
1088;394
1089;5257
1090;5599
1091;4570
1092;2145
1093;403
1094;5471
1095;4458
1096;5503
1097;1294
1131;1270
1132;1505
1152;2070
1165;888
1166;5613
1184;3977
1257;899
1276;908
1285;3318
1296;2977
1301;2805
1307;2820
1339;3020
1340;2932
1341;6090
1342;7253
1345;6088
1346;2556
1347;911
1348;6093
1349;6091
1350;7252
1353;2989
1355;2642
1360;2727
1388;2534
1396;913
1398;3436
1400;3812
1401;2895
1402;2894
1403;2590
1404;2846
1409;2643
1410;2495
1412;2722
1415;5995
1416;5994
1417;2667
1418;2652
1419;7022
1420;2789
1423;2788
1424;2770
1425;3051
1427;2916
1428;2635
1429;2688
1430;2735
1431;2517
1433;2881
1434;2719
1435;2943
1465;3391
1466;3315
1467;3189
1468;3452
1469;3362
1470;3480
1471;3655
1472;3718
1473;3572
1474;3899
1475;6293
1476;3400
1477;3968
1478;3415
1479;3892
1480;3648
1481;1132
1482;1125
1483;3619
1484;3309
1485;3232
1486;3606
1487;3566
1488;3507
1489;3097
1490;3743
1491;3277
1492;3143
1493;3321
1494;3806
1495;3463
1496;1122
1498;3955
1499;3866
1500;3995
1501;3308
1502;3663
1503;772
1504;773
1505;779
1507;776
1508;774
1509;5055
1510;6040
1511;4060
1512;6536
1513;778
1514;469
1515;491
1516;5849
1517;5850
1518;5851
1520;4551
1521;4552
1522;7002
1523;7220
1530;508
1531;2954
1532;4527
1534;510
1535;509
1536;6206
1537;516
1538;4753
1539;6205
1541;2890
1543;6242
1545;5702
1547;6871
1548;2984
1550;525
1552;5966
1554;5690
1555;517
1556;494
1557;2633
1558;495
1559;2246
1560;497
1561;501
1564;496
1565;500
1566;4767
1567;5551
1569;5923
1570;5965
1575;519
1576;5488
1577;7243
1579;5164
1580;5165
1581;4248
1582;5166
1583;6929
1584;520
1585;3512
1586;3364
1589;7138
1590;523
1594;5071
1595;3688
1596;6323
1597;3905
1598;3111
1600;5072
1601;6284
1602;6285
1604;2915
1605;1380
1606;2922
1607;524
1608;2733
1609;2521
1611;2923
1612;3011
1613;6510
1614;6509
1616;6977
1617;485
1618;6862
1620;2387
1621;2564
1622;484
1623;7134
1624;515
1626;2801
1627;3049
1628;3022
1630;7495
1631;777
1632;486
1633;6053
1634;2814
1635;3013
1636;6019
1637;3407
1638;490
1639;487
1640;489
1641;488
1642;6099
1643;6052
1644;4766
1645;2441
1646;1901
1647;6429
1648;5977
1649;6018
1650;4569
1651;4475
1652;5317
1653;473
1654;474
1655;2875
1656;2876
1657;4049
1659;3208
1660;3691
1661;2522
1662;2503
1663;7417
1664;2747
1665;479
1666;475
1667;567
1668;481
1669;7429
1670;2740
1671;5338
1673;5339
1675;6262
1676;2526
1678;5820
1679;5980
1680;6104
1681;482
1682;2592
1687;6034
1688;6791
1689;5976
1690;2844
1691;6753
1692;2619
1693;2958
1694;2511
1695;7190
1696;6260
1697;6760
1698;7018
1699;6261
1700;2548
1702;6555
1703;6282
1706;3025
1707;4106
1708;476
1709;4121
1710;2780
1711;2975
1712;6300
1713;2734
1714;7490
1715;3037
1716;2739
1717;2828
1718;6341
1719;5880
1722;477
1730;4779
1731;5978
1732;5979
1733;5981
1734;2645
1735;2858
1736;2589
1737;6306
1738;3021
1740;6072
1741;2571
1742;2765
1743;6304
1744;2980
1745;6305
1746;3509
1747;478
1748;4218
1749;3009
1750;6893
1751;5975
1752;2683
1753;2946
1754;7445
1755;6331
1756;5663
1757;471
1758;1442
1759;2074
1760;5664
1761;526
1762;6455
1763;5824
1764;6715
1766;5295
1768;6189
1769;3040
1770;3019
1771;527
1772;4775
1773;4776
1774;4942
1775;6920
1776;2527
1777;2769
1778;1360
1779;5154
1780;5155
1781;2620
1782;4316
1783;6441
1784;506
1785;6562
1786;2596
1787;6560
1788;6559
1789;5706
1790;6561
1791;7542
1792;528
1793;2508
1794;533
1795;4507
1796;4509
1797;4508
1798;4510
1799;7199
1802;2971
1803;534
1804;2681
1805;5111
1806;529
1807;6842
1808;531
1811;4076
1812;6017
1813;4211
1814;4313
1815;4056
1816;472
1817;6921
1819;4929
1820;2934
1821;5573
1823;5974
1824;536
1825;574
1826;577
1827;575
1828;4366
1829;6858
1830;7093
1831;578
1832;580
1833;2034
1834;586
1835;5141
1836;579
1837;2418
1838;4971
1839;582
1841;7509
1842;584
1843;585
1844;8016
1845;594
1851;2370
1853;4636
1856;3006
1857;2524
1858;2249
1859;2809
1860;6073
1862;2425
1863;2944
1864;2947
1865;3329
1866;2690
1871;2608
1873;1436
1874;2956
1875;3522
1876;3185
1877;7447
1878;7338
1879;4171
1880;569
1881;2541
1883;2314
1884;2974
1885;1985
1889;2700
1891;4452
1892;2991
1893;4420
1894;1599
1896;4077
1897;576
1898;4257
1899;4126
1900;601
1901;4203
1902;6325
1903;2547
1904;4143
1905;6322
1906;4343
1909;696
1910;597
1913;6333
1915;6334
1916;7052
1918;7176
1919;7339
1920;706
1921;7436
1922;702
1926;2921
1927;2763
1928;587
1929;6317
1930;7113
1932;5875
1934;6935
1935;603
1936;6492
1937;5989
1938;4375
1939;2885
1941;2882
1942;6530
1943;596
1944;5359
1945;5990
1946;6531
1947;5504
1948;3144
1949;6603
1951;6532
1953;5609
1954;701
1955;4770
1956;6993
1957;6994
1958;6995
1959;698
1960;2675
1961;5708
1962;704
1966;7173
1967;3262
1968;7382
1969;572
1975;7422
1976;6267
1977;573
1978;5876
1979;6265
1984;6266
1985;710
1986;6927
1987;592
1988;5847
1989;3898
1990;4740
1991;3686
1993;709
1994;4456
1995;6457
1996;5922
1997;6535
1998;599
1999;6324
2000;4453
2001;711
2002;4295
2003;5885
2004;595
2005;3473
2006;6456
2008;598
2011;7172
2012;6936
2013;4233
2014;3890
2015;3696
2016;6912
2017;3840
2019;4546
2022;602
2024;697
2028;712
2029;2839
2030;714
2031;4454
2036;6254
2037;8042
2038;6256
2039;6257
2040;6255
2041;1679
2042;1434
2044;1871
2045;7226
2046;7227
2050;1934
2051;630
2052;4516
2053;637
2054;4517
2055;5143
2056;6757
2058;4717
2059;6758
2060;6765
2061;636
2063;5631
2064;3561
2065;2446
2067;5707
2068;5494
2069;4360
2070;40
2071;4237
2072;6986
2073;5558
2074;7514
2075;631
2076;5559
2082;7255
2083;5128
2084;7351
2085;3355
2086;2530
2087;2742
2088;3846
2089;624
2090;629
2092;7214
2093;2374
2094;5056
2095;623
2096;2610
2097;2857
2098;4671
2099;6437
2100;6264
2101;6419
2102;4973
2103;7330
2105;7426
2106;4975
2107;4976
2108;6474
2109;7552
2111;5825
2113;7510
2115;4974
2116;8043
2117;4979
2118;4980
2119;4981
2120;7462
2121;4515
2122;5113
2123;4670
2125;2796
2126;2250
2127;6263
2128;4677
2129;2713
2130;628
2131;8031
2132;5601
2133;2301
2134;1874
2135;5604
2136;8033
2137;8032
2138;1659
2139;2431
2140;2371
2141;5600
2142;728
2143;2631
2144;4220
2145;2865
2146;512
2147;7137
2148;2869
2149;3307
2150;627
2151;4982
2152;633
2153;4656
2154;4657
2155;5705
2156;3080
2157;7502
2158;7457
2159;6240
2161;5084
2162;2754
2163;2794
2164;5704
2165;634
2166;2677
2167;6387
2168;5085
2169;604
2170;5294
2171;7121
2172;4483
2174;6741
2177;621
2179;1626
2180;6709
2181;7328
2182;605
2184;613
2185;606
2186;2060
2187;611
2189;2649
2190;608
2191;1700
2192;7527
2193;4485
2194;2535
2195;6727
2196;3082
2199;619
2200;616
2201;2706
2203;5138
2204;5140
2205;2549
2206;2849
2207;2612
2208;3348
2209;2751
2210;2221
2211;2175
2212;1835
2213;1744
2214;1709
2215;2310
2216;4667
2218;6773
2219;7110
2220;7111
2221;4650
2222;4651
2223;2367
2224;5826
2225;3573
2226;3862
2227;3402
2228;3410
2229;3667
2235;618
2242;5089
2243;3456
2244;5159
2249;5158
2250;5160
2252;359
2253;2161
2254;3873
2255;3819
2256;365
2257;363
2259;5491
2260;364
2261;2639
2262;6792
2265;638
2266;649
2267;7075
2268;1817
2269;650
2271;4562
2272;7139
2278;2363
2279;2976
2280;7238
2281;4563
2282;7008
2285;2920
2287;3435
2288;1444
2289;5060
2290;4520
2291;4521
2292;4522
2293;4722
2294;1017
2295;2507
2296;671
2297;3800
2298;3809
2299;6449
2300;2626
2301;6478
2302;6479
2303;8039
2304;5837
2305;3337
2306;3591
2307;5134
2308;2644
2310;667
2311;3110
2312;1496
2313;3750
2314;5642
2315;3956
2316;6534
2317;6070
2318;640
2319;647
2320;641
2321;4764
2322;642
2323;648
2324;6756
2325;645
2326;643
2328;2843
2329;646
2331;4502
2332;7131
2333;4503
2334;4726
2336;654
2337;6071
2338;655
2339;658
2340;5110
2341;4721
2342;4459
2343;6838
2344;6518
2345;4423
2346;657
2347;660
2349;662
2350;661
2351;663
2354;659
2355;664
2356;4424
2357;4529
2358;4501
2359;4660
2360;4661
2361;4427
2362;4663
2363;4662
2364;730
2365;610
2366;684
2369;2985
2372;683
2376;732
2377;1015
2379;743
2381;4161
2382;4421
2383;7165
2386;750
2389;738
2390;6524
2391;681
2392;680
2393;5287
2394;6543
2395;766
2396;736
2397;1647
2398;2422
2399;1388
2401;2247
2402;5286
2403;679
2404;747
2405;4532
2406;760
2407;739
2409;757
2410;6523
2411;6279
2412;685
2413;686
2414;687
2415;744
2420;752
2421;753
2422;3526
2423;4482
2424;688
2425;755
2426;756
2431;5057
2432;748
2433;5103
2434;5349
2436;4292
2438;4528
2439;5090
2440;5289
2441;6516
2442;6819
2443;5318
2444;6278
2445;5291
2446;5292
2447;759
2448;762
2450;764
2451;3293
2452;763
2453;765
2454;751
2455;5577
2456;4539
2457;3319
2458;668
2459;3835
2460;653
2461;6554
2462;3850
2463;3430
2464;3768
2466;3347
2467;4771
2468;7329
2469;6787
2470;4247
2471;733
2472;6497
2473;4746
2474;741
2475;6411
2476;6412
2477;6526
2478;5928
2479;5078
2480;3248
2481;7485
2482;3268
2483;7149
2484;5109
2485;6342
2486;3620
2487;3385
2488;3091
2490;3713
2491;8006
2492;665
2493;2948
2495;3831
2496;2344
2497;8012
2498;6480
2500;3061
2501;6487
2502;5157
2503;3072
2504;3845
2505;3479
2506;5059
2507;4322
2508;6415
2509;3256
2510;3633
2511;3419
2512;3086
2513;5251
2514;3206
2520;4765
2522;4005
2523;4334
2524;5370
2525;3475
2526;3999
2527;3723
2528;6749
2529;3196
2530;3421
2531;7365
2532;3175
2533;3202
2534;3708
2535;3258
2536;3156
2537;4530
2538;3914
2539;4777
2540;6388
2541;3597
2542;666
2545;639
2546;3381
2547;3586
2548;3685
2549;4214
2550;6746
2551;5080
2552;3294
2554;7247
2555;4559
2556;4332
2557;3467
2558;4705
2559;4707
2560;4706
2561;6723
2562;4708
2563;670
2564;6408
2566;6522
2568;6974
2569;672
2570;673
2571;5537
2572;3498
2573;3553
2574;652
2575;6740
2576;676
2577;6425
2578;6434
2579;6427
2580;6426
2581;4026
2582;4735
2583;6086
2584;7550
2585;3330
2586;5135
2587;3703
2588;3802
2589;4009
2590;3941
2591;4372
2592;3373
2593;675
2594;5647
2595;3699
2596;6439
2599;4015
2600;3939
2601;3844
2602;677
2603;674
2604;7568
2608;2169
2609;6049
2612;6051
2613;2694
2614;2712
2620;6958
2621;2951
2624;2901
2625;3684
2626;7540
2627;3855
2628;3382
2629;4560
2631;5672
2632;5670
2633;5694
2634;5671
2639;4653
2640;4655
2641;4654
2643;4519
2644;6944
2645;6945
2646;6946
2647;3954
2654;6747
2655;3848
2656;1334
2662;2540
2671;4674
2672;4675
2673;3443
2675;7444
2676;3523
2677;3124
2678;7118
2679;7119
2681;3489
2682;7006
2683;7187
2685;5570
2686;3988
2687;5066
2689;3450
2690;4500
2691;3239
2692;6888
2693;3838
2694;5065
2695;4763
2699;5075
2700;8051
2701;8053
2702;8052
2703;5076
2705;5835
2706;4490
2707;4491
2708;7058
2709;5836
2710;985
2711;984
2712;1684
2713;6762
2716;2802
2717;5590
2718;729
2719;2832
2720;2860
2722;2672
2723;3017
2724;2981
2726;6996
2728;2997
2729;2755
2731;6771
2733;2939
2734;5654
2735;5546
2736;2810
2737;3992
2738;2982
2739;689
2740;3568
2741;4201
2742;4718
2743;2313
2744;6318
2748;3780
2749;3491
2750;1302
2751;2918
2752;2613
2753;703
2754;700
2755;6105
2756;6108
2757;7424
2758;6106
2759;6107
2760;7423
2761;716
2763;718
2764;717
2765;6737
2766;5910
2767;5913
2768;5912
2769;5911
2775;719
2776;2962
2777;721
2778;113
2779;3173
2780;6967
2781;3841
2785;7537
2789;3071
2790;3644
2791;1967
2794;3388
2795;2147
2796;3616
2799;3828
2800;693
2801;3103
2802;4085
2803;690
2804;6436
2805;6840
2806;691
2807;2988
2808;6428
2811;6834
2812;1794
2813;6381
2814;6413
2815;6422
2817;5632
2818;5633
2820;7184
2821;3798
2822;2204
2823;3120
2826;1226
2827;3610
2828;3340
2829;6789
2830;694
2831;3311
2832;3730
2833;6788
2834;6258
2835;1223
2836;1541
2837;5866
2838;5362
2840;5363
2841;4564
2842;7333
2846;7265
2848;6328
2849;4565
2850;4646
2851;4647
2852;7168
2854;7563
2856;4567
2857;5867
2858;7169
2873;600
2874;4082
2876;6878
2877;6880
2879;6881
2880;6882
2882;6173
2883;4358
2884;2862
2885;2044
2886;625
2887;695
2888;4918
2889;6563
2890;7091
2892;2365
2893;7109
2894;1530
2895;7029
2896;632
2897;115
2898;2729
2905;125
2906;124
2907;6943
2920;120
2921;7112
2922;2030
2924;7439
2926;7004
2927;119
2928;4468
2929;4634
2933;7053
2934;2878
2935;1979
2936;7086
2940;1816
2942;6841
2943;7092
2958;6769
2962;4988
2964;1771
2966;6770
2967;4696
2968;4697
2969;4700
2970;4698
2972;4699
2982;1318
2995;7557
2996;3974
2997;2485
2998;4199
2999;3919
3000;4031
3001;3980
3002;3280
3003;6876
3046;128
3047;1788
3048;1352
3175;1910
3190;1167
3192;1169
3193;5927
3195;5592
3203;1193
3204;2305
3205;1450
3206;7484
3207;2337
3208;4132
3210;2181
3211;1555
3212;1668
3213;4672
3215;4325
3216;1217
3217;1994
3218;2629
3219;1367
3220;1465
3221;1216
3222;1179
3228;1663
3230;6461
3231;6868
3232;1391
3235;1584
3236;1603
3237;1185
3238;1469
3244;1220
3245;1187
3246;7030
3255;2456
3256;1202
3258;2015
3261;7416
3262;5873
3263;130
3264;1809
3265;1866
3266;6928
3269;2416
3270;635
3272;3501
3273;1236
3274;2077
3275;1774
3277;2465
3278;6557
3279;6556
3280;1699
3281;1832
3286;1305
3287;1207
3288;3602
3291;1640
3292;5487
3293;4755
3294;1991
3295;5371
3296;1413
3297;4754
3298;4022
3301;1533
3302;4757
3304;2481
3305;2330
3306;1732
3307;1459
3308;2192
3311;5515
3312;1191
3313;4931
3314;4294
3315;4081
3317;4759
3318;4756
3319;1785
3320;1539
3321;1850
3322;4340
3325;4758
3326;1698
3327;1374
3328;1205
3329;1198
3330;2021
3331;4074
3332;5587
3333;5077
3334;1196
3336;1194
3337;1206
3338;7064
3339;7065
3340;7066
3341;1841
3342;1819
3343;126
3344;6938
3345;1563
3346;1221
3347;4419
3348;1225
3349;1219
3350;1180
3351;1824
3352;1181
3353;2411
3354;2726
3355;1182
3357;2080
3364;1203
3367;1632
3371;1188
3372;1644
3375;1195
3376;1215
3380;1923
3381;1201
3382;1235
3383;3582
3385;4633
3386;7077
3387;3517
3388;3224
3389;3594
3390;3725
3391;3494
3392;3706
3393;3516
3394;7271
3395;1787
3396;3745
3397;2198
3399;1439
3403;4919
3404;4716
3405;6965
3408;1958
3409;1171
3410;5828
3411;3650
3413;7019
3414;7020
3415;7326
3416;7369
3417;3944
3419;6378
3420;7140
3421;6806
3422;6471
3423;6295
3424;7056
3425;7087
3427;7057
3428;2380
3429;6292
3430;7472
3433;4487
3434;3240
3437;6907
3438;5571
3439;6549
3440;7515
3441;7345
3442;6503
3443;7346
3444;6501
3448;2174
3449;2202
3451;4658
3452;4659
3456;3281
3457;3609
3458;3629
3459;5526
3460;7415
3461;5556
3463;3744
3464;3673
3465;3300
3466;3470
3467;3210
3468;2447
3469;141
3470;39
3471;4368
3472;42
3473;1548
3479;2475
3482;2926
3483;5499
3484;41
3485;2234
3486;2999
3487;2728
3488;2650
3489;2625
3490;2516
3491;2600
3492;1622
3498;2804
3499;2520
3500;2543
3501;2969
3502;3029
3503;2698
3504;2815
3505;2096
3510;143
3519;2987
3523;148
3524;5479
3525;5532
3526;153
3528;5429
3533;2394
3534;5937
3535;160
3536;5282
3538;5545
3539;4274
3541;5542
3543;5284
3544;5543
3545;150
3546;4638
3547;3035
3548;4640
3549;4639
3550;142
3551;154
3553;152
3557;4024
3558;155
3559;312
3560;5402
3561;362
3563;156
3564;157
3566;4040
3567;4136
3568;165
3569;4164
3570;161
3571;8
3572;5710
3582;16
3748;54
3749;4983
3750;63
3751;65
3755;70
3758;72
3759;67
3760;4984
3761;6001
3762;245
3763;6002
3764;74
3765;6003
3766;87
3767;6721
3768;90
3769;4540
3770;89
3772;7188
3773;88
3774;4744
3775;5481
3776;4743
3777;4541
3778;7249
3780;91
3781;6728
3782;76
3783;77
3784;85
3785;79
3786;80
3790;84
3791;78
3792;86
3793;75
3794;2917
3795;3043
3796;2856
3797;7431
3798;6098
3799;7285
3800;7288
3802;7555
3803;7291
3805;7293
3806;7287
3808;2515
3817;7290
3818;7294
3819;3015
3820;2518
3821;2797
3822;3005
3823;7232
3824;216
3825;3599
3826;219
3827;37
3828;6000
3829;217
3830;3893
3831;6997
3839;3865
3840;3515
3841;1095
3842;1074
3843;1084
3844;3576
3845;4006
3846;1051
3847;6187
3848;4333
3849;4124
3850;4149
3851;4279
3852;4093
3853;4144
3854;4180
3855;6186
3856;218
3857;1312
3858;55
3859;60
3860;3588
3861;7357
3862;3324
3865;4142
3866;3465
3867;7231
3869;7099
3870;7103
3871;7101
3872;7102
3873;7153
3875;7100
3878;7152
3879;7308
3880;4631
3882;7282
3883;7284
3884;7283
3885;3270
3886;7277
3887;7280
3888;7278
3889;7279
3891;56
3893;57
3894;4797
3896;4894
3897;4891
3898;4895
3899;4892
3900;4893
3901;4798
3929;62
3930;4957
3931;4939
3932;4790
3933;4812
3934;4809
3935;4815
3936;4814
3937;4813
3938;4811
3939;4816
3940;4817
3941;4810
3942;4792
3943;4837
3945;4833
3946;4838
3947;4839
3948;4840
3949;4836
3950;4841
3951;4842
3952;4834
3953;4791
3954;4820
3955;4824
3956;4823
3958;4818
3959;4827
3960;4826
3961;4828
3962;4825
3963;4822
3964;4829
3965;4831
3966;4830
3967;4832
3968;4819
3969;4866
3970;4955
3971;4956
3972;5046
3973;4793
3974;4844
3975;4847
3976;4846
3977;4843
3978;4849
3979;4850
3980;4848
3981;4845
3982;4851
3983;4867
3984;4794
3985;4854
3986;4853
3987;4858
3988;4857
3990;4852
3991;4861
3992;4860
3993;4862
3994;4859
3995;4856
3996;4865
3997;4863
3998;4864
3999;61
4005;3502
4006;5368
4007;3392
4008;3882
4009;4111
4010;3178
4012;3646
4013;5367
4015;3775
4016;3412
4025;4806
4026;3374
4027;4912
4028;4911
4045;5709
4046;96
4047;1887
4049;6311
4050;2531
4051;1484
4052;7007
4053;1371
4056;8038
4057;4730
4060;2781
4061;2587
4063;4351
4064;5452
4065;5453
4066;6906
4067;7160
4068;3994
4069;2104
4070;5472
4071;5043
4072;3735
4073;3361
4074;3440
4075;2783
4076;4915
4077;2559
4078;5916
4079;6100
4080;2899
4081;53
4082;94
4083;5091
4084;2816
4085;5838
4087;6712
4088;95
4089;5868
4090;408
4091;5711
4092;410
4093;5967
4094;409
4095;783
4096;784
4152;839
4154;887
4155;5037
4156;5038
4157;7516
4158;5039
4159;5040
4162;5861
4163;886
4164;436
4165;554
4166;7070
4167;7072
4168;7071
4169;6394
4173;558
4174;6393
4175;7068
4177;6969
4178;6433
4187;451
4188;2696
4190;2720
4191;6362
4192;6908
4193;6363
4194;4317
4195;2242
4199;4191
4202;2786
4203;6860
4204;450
4205;4299
4206;7310
4207;6892
4208;6822
4209;6367
4210;6368
4211;5044
4212;4513
4213;6828
4214;4105
4215;2684
4216;6963
4217;6964
4218;442
4219;6374
4220;453
4221;6345
4222;6347
4223;6346
4224;6348
4225;458
4229;4163
4230;6915
4231;464
4232;465
4233;8023
4234;8024
4235;6356
4236;463
4238;4205
4239;6947
4240;4268
4241;447
4242;448
4243;4063
4244;4195
4245;6358
4248;6357
4249;4148
4250;2081
4251;6360
4252;5578
4253;6539
4254;441
4255;6850
4256;4241
4257;6851
4258;7212
4259;7213
4260;460
4264;7248
4265;443
4267;2919
4268;7197
4269;3358
4270;5886
4271;456
4272;6800
4273;2002
4274;6499
4278;6859
4279;438
4281;6392
4282;6351
4283;4080
4284;4355
4286;462
4287;5121
4288;2693
4289;6369
4290;1549
4291;1395
4292;1602
4293;6913
4294;6911
4295;6910
4296;412
4297;413
4301;6797
4304;8030
4305;7528
4306;8036
4307;1868
4312;415
4326;2628
4328;418
4331;5724
4338;2887
4339;5723
4340;2073
4344;420
4363;422
4364;1876
4365;1573
4366;424
4368;6195
4370;5751
4371;5790
4372;5750
4374;2194
4375;1895
4376;5749
4377;2229
4378;6891
4379;5748
4380;136
4381;5740
4382;6204
4383;5785
4384;6830
4385;5742
4386;5741
4388;2188
4389;3965
4393;1702
4394;6784
4395;5814
4407;432
4408;4627
4409;4629
4410;5813
4411;5812
4412;4628
4413;5804
4414;5811
4416;5805
4418;2660
4419;5775
4422;5765
4423;2572
4432;2803
4433;5774
4434;5776
4435;4613
4436;6775
4442;5768
4444;2905
4445;5777
4449;7127
4450;5770
4451;5771
4452;5767
4453;2775
4454;5766
4455;5773
4456;6754
4457;2126
4471;7354
4472;6774
4473;5752
4474;5755
4476;5753
4478;6922
4481;5769
4482;5105
4483;431
4484;4683
4485;4684
4486;7196
4487;4689
4488;4687
4489;4690
4490;4686
4492;6259
4493;4682
4494;7374
4495;4688
4496;428
4497;5827
4498;1855
4499;1954
4500;429
4501;5786
4502;5787
4503;6821
4504;433
4527;430
4528;5797
4530;5793
4532;6716
4533;6570
4534;6613
4535;6622
4536;6600
4537;6577
4539;6587
4540;6591
4541;6617
4543;6669
4544;6615
4545;6816
4549;6618
4551;6608
4552;6619
4553;6808
4554;6586
4556;6620
4557;6592
4558;6628
4560;6644
4561;6609
4563;6705
4564;6595
4565;6657
4568;6668
4569;6663
4570;6664
4571;6653
4572;6627
4573;6682
4575;6631
4576;6681
4577;6590
4578;6616
4579;6580
4582;6818
4583;6599
4584;6598
4585;6596
4586;6568
4590;6585
4591;6692
4592;6643
4593;6704
4594;6703
4595;6693
4596;6701
4597;6700
4604;7193
4605;6630
4606;8515
4608;6694
4609;6655
4610;5795
4611;6670
4613;6571
4614;6572
4615;6574
4616;6582
4617;6573
4618;6665
4619;6614
4620;6688
4621;6589
4622;6602
4623;6812
4624;6810
4625;6673
4627;6647
4628;6625
4629;6624
4630;6593
4632;6633
4633;6809
4638;6640
4639;6639
4640;6638
4644;6645
4645;6649
4650;6661
4651;6667
4652;6672
4655;6671
4656;6676
4658;6679
4659;6678
4660;6687
4661;6691
4662;6594
4663;6698
4665;6626
4666;6814
4668;6566
4669;5794
4672;5798
4673;5796
4674;1755
4676;434
4677;2423
4707;5788
4714;5789
4715;5807
4716;6843
4717;6839
4718;5808
4719;5810
4720;5809
4721;423
4722;3446
4723;2392
4728;5746
4729;6785
4730;5744
4731;5747
4732;7159
4733;1445
4743;6192
4744;1534
4745;5743
4746;7327
4747;2432
4748;6847
4749;6194
4750;7427
4751;5745
4752;3284
4756;4608
4757;1529
4784;4610
4785;6199
4786;4611
4788;427
4790;5762
4791;4614
4793;6772
4794;6905
4795;6845
4797;6844
4798;6854
4800;5763
4801;4947
4803;2018
4805;1568
4806;6782
4807;5760
4808;5759
4810;6203
4811;1969
4812;4615
4813;6783
4814;1387
4815;4943
4820;4616
4822;4692
4823;6246
4824;435
4825;3916
4827;3741
4828;3151
4829;3682
4830;5605
4831;5606
4832;5607
4833;5455
4834;5456
4835;5457
4836;97
4837;7120
4838;3923
4839;1949
4840;2092
4841;313
4842;5299
4843;321
4844;5303
4845;315
4847;318
4848;317
4849;5302
4853;319
4854;4950
4855;4951
4856;4949
4857;5096
4858;6027
4859;6029
4860;6028
4861;4952
4862;4953
4863;4954
4864;5304
4865;5300
4866;7225
4867;5032
4869;5034
4870;5035
4871;8022
4872;5036
4873;5935
4874;1279
4912;1239
4913;3867
4914;6725
4915;4011
4919;7081
4920;2618
4921;4648
4922;3793
4923;6329
4924;3749
4925;7411
4926;1246
4931;6794
4932;1247
4935;6853
4936;6038
4939;7383
4940;7384
4941;5403
4944;4554
4945;6037
4948;1249
4949;7219
4950;6396
4951;2867
4952;2743
4954;6271
4956;1251
4957;6397
4958;6464
4961;6465
4962;3556
4963;6450
4964;6269
4965;1253
4966;2953
4967;3911
4968;1254
4969;3805
4970;3617
4971;3163
4972;3172
4973;3287
4974;7311
4975;7312
4976;3074
4977;5872
4980;2799
4981;2753
4982;6379
4983;2724
4984;6407
4985;3441
4986;2546
4987;3601
4988;3532
4991;3677
4992;3554
4993;5968
4994;5969
4995;6059
4996;7090
4997;1261
4998;3460
4999;3966
5000;3263
5001;3378
5002;4352
5004;3733
5005;4216
5006;3929
5007;3466
5008;3534
5009;7425
5010;3212
5011;3874
5012;7473
5013;4177
5014;7148
5016;3229
5017;3129
5018;3659
5019;3288
5020;4004
5021;3680
5022;3751
5023;3298
5025;1262
5026;3088
5027;3928
5028;5529
5029;6466
5031;1264
5032;3252
5033;3562
5034;3301
5035;3782
5036;1255
5037;6058
5043;1258
5044;8021
5045;1257
5046;2497
5047;2499
5048;6057
5049;3166
5050;1259
5051;7114
5052;3584
5053;6056
5054;7202
5059;3731
5061;3079
5062;2505
5063;3474
5064;3296
5065;3551
5066;3792
5067;3444
5068;3506
5069;3590
5070;3589
5071;5152
5072;3627
5074;1266
5077;3776
5078;3552
5079;3665
5080;3675
5081;3199
5082;3215
5083;3909
5084;4167
5085;3226
5086;3943
5087;1268
5090;5970
5091;5971
5092;5153
5093;2778
5097;988
5250;1011
5251;3334
5254;1041
5255;1037
5256;4926
5257;4927
5258;7221
5259;3614
5260;7342
5261;7343
5265;7217
5266;6440
5267;7125
5268;6495
5269;3096
5271;5406
5312;1043
5314;3106
5315;3772
5316;6864
5317;1045
5318;3578
5319;4466
5320;4467
5321;1046
5322;3642
5323;4043
5324;4254
5325;1044
5326;4605
5327;4525
5328;4537
5329;8044
5340;7375
5341;7376
5343;7059
5377;1025
5378;3634
5379;3531
5381;3070
5382;1030
5393;3618
5394;3740
5395;4577
5396;4575
5397;4576
5398;4574
5399;4603
5401;6960
5402;4583
5406;7477
5407;4582
5408;3639
5409;4571
5410;3216
5411;4597
5412;4602
5413;7538
5414;4599
5415;4600
5416;4601
5417;4194
5418;4595
5419;4585
5420;4588
5421;4586
5422;4587
5423;4591
5424;4592
5425;4593
5426;4594
5427;4590
5428;4572
5429;3292
5430;4596
5433;3214
5434;6506
5435;7223
5436;6442
5437;3811
5438;3243
5439;1028
5440;3879
5441;3341
5443;3827
5444;6445
5445;1027
5446;3719
5448;3368
5449;3428
5450;3778
5451;3558
5455;4145
5456;5842
5457;3631
5458;6048
5459;3868
5460;5540
5461;1026
5483;1031
5487;3257
5488;6898
5489;7481
5490;7482
5491;5025
5492;6386
5493;7459
5494;5594
5496;3084
5497;3821
5498;6914
5499;5593
5500;2756
5501;1491
5502;2210
5503;4018
5504;3426
5505;1754
5508;5879
5543;3276
5544;3127
5545;3626
5550;3670
5551;3192
5552;3869
5554;3637
5555;1059
5556;499761
5558;1058
5560;2837
5571;5998
5572;5635
5846;5181
5847;104
5855;5608
5856;110
5857;5620
5858;5651
5859;5652
5860;6919
5861;5650
5862;107
5864;6553
5865;108
5866;106
5869;100
5870;103
5871;549
5872;1
5873;2
5874;6
5875;3238
5876;5079
5877;5019
5879;5020
5881;5023
5882;5021
5883;5024
5884;6403
5886;5161
5887;6085
5889;6951
5890;8050
5891;6321
5893;6811
5894;5093
5895;6978
5896;6980
5897;6982
5898;6981
5900;6248
5907;5092
5908;6250
5911;6383
5912;6385
5913;7318
5914;7319
5915;6406
5916;6384
5918;5
5919;5004
5920;4434
5921;3530
5922;5094
5923;5010
5924;499900
5925;7274
5926;5011
5927;7428
5928;4
5929;5082
5930;4433
5931;3367
5932;4997
5933;5001
5934;4999
5935;5000
5936;5002
5937;7142
5938;5013
5939;5014
5940;5015
5941;5017
5942;7517
5943;5016
5944;6249
5948;5144
5949;5145
5950;6861
5951;7144
5955;7143
5956;6276
5957;7
5958;5030
5959;5028
5960;5026
5961;5029
5962;5027
5963;7396
5964;5087
5965;5162
5966;5163
5967;5086
5972;6973
5973;6253
5974;5081
5975;3
5976;4993
5977;7398
5978;4990
5979;4989
5980;7385
5982;4991
5983;4992
5984;3237
5985;111
5986;2047
5987;2808
5991;7085
5992;2389
5993;2227
5994;5591
5995;2723
5996;6764
5999;8025
6000;114
6001;134
6002;2187
6003;976
6004;5898
6005;4297
6006;4131
6007;4070
6008;7323
6009;5900
6010;5894
6011;5896
6012;5893
6013;5899
6014;5895
6015;5892
6016;5897
6017;7322
6018;138
6019;4181
6020;4290
6021;4329
6022;3273
6023;4151
6024;4055
6030;4127
6031;4244
6032;3803
6033;7128
6034;4160
6035;2155
6036;1813
6037;7565
6038;1827
6039;7240
6041;7241
6042;5830
6043;5831
6044;5833
6045;5832
6046;1470
6047;1475
6048;112
6049;6991
6051;6990
6052;6987
6053;6988
6055;2496
6056;6275
6057;1898
6058;6303
6059;3477
6060;3230
6062;4245
6063;7522
6064;6972
6066;4364
6067;6280
6068;6714
6069;5167
6070;5168
6071;4435
6072;5170
6074;5171
6075;5174
6076;5173
6077;5172
6082;6490
6083;6491
6084;2907
6085;511
6086;7063
6089;2928
6090;5602
6091;1645
6092;135
6093;7303
6094;7088
6095;7089
6096;5097
6097;4632
6098;5099
6099;5100
6100;5098
6101;5101
6102;7353
6103;6786
6104;6517
6106;4096
6107;4742
6109;4217
6110;5102
6111;5104
6112;137
6113;4285
6114;4350
6115;4122
6116;4326
6117;5853
6118;4215
6119;4379
6120;4072
6121;1795
6122;2072
6130;5863
6131;5884
6132;5865
6133;5864
6134;1624
6135;6975
6136;4335
6137;4116
6138;4133
6139;4474
6140;4231
6141;158
6142;4555
6143;4664
6144;4665
6145;4557
6146;4556
6147;4558
6148;7437
6149;7393
6151;7218
6152;4336
6153;7468
6154;4255
6155;4310
6156;4036
6157;4061
6158;4276
6159;4075
6160;4155
6161;4306
6162;4140
6163;3002
6164;7325
6165;7497
6166;7499
6169;7500
